-3.551893949508666992e+00 3.644627928733825684e-01 7.000000774860382080e-02
-3.097222566604614258e+00 3.706908524036407471e-01 2.579757245257496834e-03
-2.802777051925659180e+00 3.618830442428588867e-01 -6.228062324225902557e-03
-2.535768270492553711e+00 3.461691439151763916e-01 4.416481405496597290e-02
-2.317195892333984375e+00 4.376631379127502441e-01 -3.032048791646957397e-02
-2.108258247375488281e+00 3.069764971733093262e-01 -2.381169237196445465e-02
-1.833258032798767090e+00 3.466856181621551514e-01 2.458691383822042553e-08
-1.542195439338684082e+00 3.650062680244445801e-01 5.434691556729376316e-04
-1.261167168617248535e+00 3.543934524059295654e-01 -3.219639882445335388e-02
-1.025394797325134277e+00 2.892570793628692627e-01 5.180175602436065674e-02
-8.596956729888916016e-01 4.583429992198944092e-01 4.763714400723983999e-08
-6.469755768775939941e-01 5.285978913307189941e-01 -2.276625670492649078e-02
-4.334664940834045410e-01 7.091761231422424316e-01 2.458691916729094373e-08
-2.548404335975646973e-01 9.397856593132019043e-01 1.257038209587335587e-02
-6.555477529764175415e-02 1.103793859481811523e+00 -6.222281977534294128e-02
1.281223446130752563e-01 1.121903538703918457e+00 5.602492764592170715e-02
3.590631484985351562e-01 1.155701398849487305e+00 1.229345798492431641e-07
3.700827062129974365e-01 8.760064244270324707e-01 -4.766739439219236374e-03
2.432383298873901367e-01 6.093279123306274414e-01 -8.881784197001252323e-16
3.095935881137847900e-01 3.836508989334106445e-01 3.380250930786132812e-02
4.792656600475311279e-01 2.835778295993804932e-01 -7.923141121864318848e-02
6.947372555732727051e-01 2.788259387016296387e-01 4.399793967604637146e-02
9.295605421066284180e-01 3.631841242313385010e-01 1.777720265090465546e-02
1.219730019569396973e+00 3.441475629806518555e-01 -5.434447084553539753e-04
1.503593325614929199e+00 3.036558926105499268e-01 2.458691561457726493e-08
1.704766273498535156e+00 4.403462409973144531e-01 5.180203169584274292e-02
1.901631116867065430e+00 4.956631660461425781e-01 -7.325876504182815552e-02
2.098766088485717773e+00 6.631180644035339355e-01 -2.974561974406242371e-02
2.278069019317626953e+00 8.806231617927551270e-01 7.100701332092285156e-04
2.495389223098754883e+00 1.077425837516784668e+00 -6.802978459745645523e-03
2.737360239028930664e+00 1.047800183296203613e+00 -2.381162345409393311e-02
2.955006361007690430e+00 1.070861220359802246e+00 7.320042699575424194e-02
3.136682271957397461e+00 9.386875033378601074e-01 -4.416459798812866211e-02
3.278238058090209961e+00 7.093791365623474121e-01 -6.228038575500249863e-03
3.376647472381591797e+00 4.332277476787567139e-01 6.228087469935417175e-03
3.478783369064331055e+00 1.814790666103363037e-01 -1.829321496188640594e-02
3.404390096664428711e+00 -5.630436539649963379e-02 -3.032093122601509094e-02
3.543660640716552734e+00 -2.400823831558227539e-01 5.748637765645980835e-02
3.607390403747558594e+00 -4.795861244201660156e-01 6.802978925406932831e-03
3.701538562774658203e+00 -7.558260560035705566e-01 -7.100455695763230324e-04
