2.610000000000000000e+02 6.500000000000000000e+01
2.760000000000000000e+02 9.000000000000000000e+01
2.850000000000000000e+02 1.070000000000000000e+02
2.950000000000000000e+02 1.240000000000000000e+02
3.050000000000000000e+02 1.280000000000000000e+02
3.040000000000000000e+02 1.460000000000000000e+02
3.160000000000000000e+02 1.580000000000000000e+02
3.260000000000000000e+02 1.720000000000000000e+02
3.320000000000000000e+02 1.840000000000000000e+02
3.390000000000000000e+02 2.010000000000000000e+02
3.500000000000000000e+02 1.980000000000000000e+02
3.590000000000000000e+02 2.040000000000000000e+02
3.740000000000000000e+02 2.050000000000000000e+02
3.900000000000000000e+02 2.020000000000000000e+02
4.000000000000000000e+02 2.010000000000000000e+02
4.100000000000000000e+02 2.110000000000000000e+02
4.140000000000000000e+02 2.180000000000000000e+02
4.010000000000000000e+02 2.300000000000000000e+02
3.860000000000000000e+02 2.370000000000000000e+02
3.780000000000000000e+02 2.510000000000000000e+02
3.720000000000000000e+02 2.590000000000000000e+02
3.820000000000000000e+02 2.710000000000000000e+02
3.900000000000000000e+02 2.750000000000000000e+02
3.950000000000000000e+02 2.850000000000000000e+02
3.990000000000000000e+02 2.970000000000000000e+02
4.120000000000000000e+02 3.000000000000000000e+02
4.140000000000000000e+02 3.000000000000000000e+02
4.260000000000000000e+02 3.010000000000000000e+02
4.400000000000000000e+02 2.990000000000000000e+02
4.530000000000000000e+02 2.970000000000000000e+02
4.550000000000000000e+02 3.060000000000000000e+02
4.630000000000000000e+02 3.150000000000000000e+02
4.560000000000000000e+02 3.220000000000000000e+02
4.510000000000000000e+02 3.360000000000000000e+02
4.420000000000000000e+02 3.500000000000000000e+02
4.320000000000000000e+02 3.620000000000000000e+02
4.210000000000000000e+02 3.690000000000000000e+02
4.190000000000000000e+02 3.830000000000000000e+02
4.080000000000000000e+02 3.930000000000000000e+02
3.990000000000000000e+02 4.060000000000000000e+02
