-3.551218748092651367e+00 3.810808956623077393e-01 7.000000774860382080e-02
-3.098069429397583008e+00 3.460358977317810059e-01 2.579759107902646065e-03
-2.816807031631469727e+00 3.844205439090728760e-01 -6.228062789887189865e-03
-2.617290973663330078e+00 5.639296174049377441e-01 4.416481778025627136e-02
-2.600767374038696289e+00 7.961296439170837402e-01 -3.032048605382442474e-02
-2.410318613052368164e+00 9.483740925788879395e-01 -2.381169423460960388e-02
-2.372211694717407227e+00 1.224628090858459473e+00 2.439482926774871885e-08
-2.288253068923950195e+00 1.501984953880310059e+00 5.434692138805985451e-04
-2.086072921752929688e+00 1.680175781250000000e+00 -3.219639882445335388e-02
-1.891531825065612793e+00 1.596394419670104980e+00 5.180175602436065674e-02
-1.697610259056091309e+00 1.478699088096618652e+00 5.243927247988722229e-08
-1.792955398559570312e+00 1.239216685295104980e+00 -2.276625670492649078e-02
-1.915660619735717773e+00 9.836899638175964355e-01 2.454489944625493081e-08
-1.985596179962158203e+00 7.032808661460876465e-01 1.257038209587335587e-02
-1.977801203727722168e+00 4.605469703674316406e-01 -6.222282350063323975e-02
-1.854069590568542480e+00 2.648979127407073975e-01 5.602492019534111023e-02
-1.633659362792968750e+00 3.760077357292175293e-01 1.306179910898208618e-07
-1.359141469001770020e+00 3.692293763160705566e-01 -4.766738973557949066e-03
-1.064658164978027344e+00 3.577215671539306641e-01 -1.152510975543918903e-09
-7.976499795913696289e-01 3.982649147510528564e-01 3.380251675844192505e-02
-5.790773034095764160e-01 3.644629418849945068e-01 -7.923141866922378540e-02
-3.704655766487121582e-01 3.204656243324279785e-01 4.399793222546577454e-02
-1.212472766637802124e-01 3.449650704860687256e-01 1.777720265090465546e-02
1.676945537328720093e-01 3.355230987071990967e-01 -5.434444756247103214e-04
4.390917718410491943e-01 4.267395138740539551e-01 1.767184443224323331e-08
5.401408672332763672e-01 6.505617499351501465e-01 5.180203169584274292e-02
6.934215426445007324e-01 7.905738353729248047e-01 -7.325875759124755859e-02
8.249068856239318848e-01 1.012912511825561523e+00 -2.974562160670757294e-02
9.502301812171936035e-01 1.264563202857971191e+00 7.100701332092285156e-04
1.142001152038574219e+00 1.484626054763793945e+00 -6.802978459745645523e-03
1.377817273139953613e+00 1.445003747940063477e+00 -2.381162345409393311e-02
1.588805317878723145e+00 1.417456507682800293e+00 7.320041954517364502e-02
1.621822714805603027e+00 1.190671324729919434e+00 -4.416458681225776672e-02
1.563200712203979492e+00 9.277215600013732910e-01 -6.228039041161537170e-03
1.535267353057861328e+00 6.350250840187072754e-01 6.228087004274129868e-03
1.662442684173583984e+00 4.219665527343750000e-01 -1.829320378601551056e-02
1.780955195426940918e+00 2.045995742082595825e-01 -3.032093495130538940e-02
2.012291669845581055e+00 2.534563243389129639e-01 5.748637393116950989e-02
2.250788927078247070e+00 2.879116237163543701e-01 6.802979856729507446e-03
2.506914854049682617e+00 4.172246754169464111e-01 -7.100455695763230324e-04
