4.930000000000000000e+02 6.800000000000000000e+01
4.590000000000000000e+02 9.700000000000000000e+01
4.390000000000000000e+02 1.180000000000000000e+02
4.270000000000000000e+02 1.410000000000000000e+02
4.380000000000000000e+02 1.620000000000000000e+02
4.280000000000000000e+02 1.850000000000000000e+02
4.330000000000000000e+02 2.080000000000000000e+02
4.360000000000000000e+02 2.350000000000000000e+02
4.280000000000000000e+02 2.620000000000000000e+02
4.050000000000000000e+02 2.640000000000000000e+02
3.900000000000000000e+02 2.660000000000000000e+02
3.910000000000000000e+02 2.420000000000000000e+02
3.910000000000000000e+02 2.150000000000000000e+02
3.860000000000000000e+02 1.890000000000000000e+02
3.830000000000000000e+02 1.740000000000000000e+02
3.620000000000000000e+02 1.640000000000000000e+02
3.530000000000000000e+02 1.850000000000000000e+02
3.350000000000000000e+02 2.000000000000000000e+02
3.150000000000000000e+02 2.140000000000000000e+02
2.970000000000000000e+02 2.300000000000000000e+02
2.900000000000000000e+02 2.410000000000000000e+02
2.690000000000000000e+02 2.450000000000000000e+02
2.560000000000000000e+02 2.590000000000000000e+02
2.400000000000000000e+02 2.720000000000000000e+02
2.260000000000000000e+02 2.910000000000000000e+02
2.210000000000000000e+02 3.110000000000000000e+02
2.230000000000000000e+02 3.300000000000000000e+02
2.170000000000000000e+02 3.510000000000000000e+02
2.120000000000000000e+02 3.750000000000000000e+02
2.060000000000000000e+02 4.010000000000000000e+02
1.930000000000000000e+02 4.070000000000000000e+02
1.750000000000000000e+02 4.120000000000000000e+02
1.770000000000000000e+02 3.980000000000000000e+02
1.740000000000000000e+02 3.750000000000000000e+02
1.700000000000000000e+02 3.530000000000000000e+02
1.620000000000000000e+02 3.430000000000000000e+02
1.540000000000000000e+02 3.330000000000000000e+02
1.380000000000000000e+02 3.440000000000000000e+02
1.300000000000000000e+02 3.570000000000000000e+02
1.200000000000000000e+02 3.760000000000000000e+02
