3.120000000000000000e+02 1.300000000000000000e+02
3.110000000000000000e+02 1.560000000000000000e+02
3.640000000000000000e+02 2.030000000000000000e+02
3.280000000000000000e+02 1.670000000000000000e+02
3.400000000000000000e+02 2.070000000000000000e+02
4.130000000000000000e+02 2.160000000000000000e+02
3.800000000000000000e+02 2.630000000000000000e+02
4.040000000000000000e+02 3.040000000000000000e+02
4.630000000000000000e+02 3.330000000000000000e+02
4.530000000000000000e+02 3.250000000000000000e+02
4.170000000000000000e+02 3.830000000000000000e+02
3.940000000000000000e+02 4.060000000000000000e+02
