-3.448754787445068359e+00 5.680736303329467773e-01 7.000001519918441772e-02
-3.181670427322387695e+00 2.003610581159591675e-01 2.579757478088140488e-03
-3.060602188110351562e+00 -6.835639476776123047e-02 -6.228062789887189865e-03
-2.965645074844360352e+00 -3.191284537315368652e-01 4.416481405496597290e-02
-2.781638860702514648e+00 -4.537658095359802246e-01 -3.032048791646957397e-02
-2.692976236343383789e+00 -6.798773407936096191e-01 -2.381169237196445465e-02
-2.411790132522583008e+00 -5.719358921051025391e-01 2.573942836647802324e-08
-2.441155433654785156e+00 -2.911247611045837402e-01 5.434691556729376316e-04
-2.573412895202636719e+00 -4.283195734024047852e-02 -3.219640254974365234e-02
-2.615299940109252930e+00 1.805162429809570312e-01 5.180175974965095520e-02
-2.654746532440185547e+00 4.086510241031646729e-01 4.302710010506416438e-08
-2.383568286895751953e+00 3.712673187255859375e-01 -2.276625670492649078e-02
-2.258394241333007812e+00 1.133748590946197510e-01 2.466495274688895734e-08
-2.166215658187866211e+00 -1.627455949783325195e-01 1.257038209587335587e-02
-2.092917203903198242e+00 -4.008602499961853027e-01 -6.222282350063323975e-02
-2.016084194183349609e+00 -6.130601763725280762e-01 5.602492764592170715e-02
-1.773747444152832031e+00 -6.456750035285949707e-01 1.206295507927279687e-07
-1.539059638977050781e+00 -7.636379599571228027e-01 -4.766739904880523682e-03
-1.259040713310241699e+00 -7.059916853904724121e-01 0.000000000000000000e+00
-1.199705123901367188e+00 -4.720901250839233398e-01 3.380250930786132812e-02
-1.249179959297180176e+00 -2.688420414924621582e-01 -7.923141866922378540e-02
-1.330836892127990723e+00 -7.173565030097961426e-02 4.399794340133666992e-02
-1.487981081008911133e+00 1.209391951560974121e-01 1.777720078825950623e-02
-1.433913707733154297e+00 3.878317773342132568e-01 -5.434447084553539753e-04
-1.172516822814941406e+00 3.519745767116546631e-01 2.919696306946661934e-08
-9.337731003761291504e-01 4.170986413955688477e-01 5.180201306939125061e-02
-7.282190322875976562e-01 3.652969598770141602e-01 -7.325876504182815552e-02
-4.702266156673431396e-01 3.529761135578155518e-01 -2.974562160670757294e-02
-1.887958496809005737e-01 3.650029003620147705e-01 7.100703078322112560e-04
1.022646427154541016e-01 3.817210197448730469e-01 -6.802981253713369370e-03
3.522636592388153076e-01 3.078105747699737549e-01 -2.381160669028759003e-02
5.612009763717651367e-01 3.956173658370971680e-01 7.320041209459304810e-02
7.797734141349792480e-01 3.835909068584442139e-01 -4.416459053754806519e-02
1.046782970428466797e+00 3.627172708511352539e-01 -6.228037178516387939e-03
1.341230392456054688e+00 3.627172708511352539e-01 6.228087935596704483e-03
1.608238577842712402e+00 4.094619750976562500e-01 -1.829321868717670441e-02
1.826810956001281738e+00 2.920968234539031982e-01 -3.032091073691844940e-02
2.035747051239013672e+00 3.891085684299468994e-01 5.748637393116950989e-02
2.285746097564697266e+00 3.817210197448730469e-01 6.802975200116634369e-03
2.576807975769042969e+00 3.650029003620147705e-01 -7.100455113686621189e-04
