2.630000000000000000e+02 3.900000000000000000e+02
3.020000000000000000e+02 3.950000000000000000e+02
3.290000000000000000e+02 4.030000000000000000e+02
3.560000000000000000e+02 4.080000000000000000e+02
3.670000000000000000e+02 4.050000000000000000e+02
3.880000000000000000e+02 4.110000000000000000e+02
3.870000000000000000e+02 3.820000000000000000e+02
3.640000000000000000e+02 3.670000000000000000e+02
3.390000000000000000e+02 3.630000000000000000e+02
3.240000000000000000e+02 3.480000000000000000e+02
3.010000000000000000e+02 3.390000000000000000e+02
3.110000000000000000e+02 3.220000000000000000e+02
3.370000000000000000e+02 3.280000000000000000e+02
3.620000000000000000e+02 3.380000000000000000e+02
3.770000000000000000e+02 3.500000000000000000e+02
4.030000000000000000e+02 3.520000000000000000e+02
4.060000000000000000e+02 3.400000000000000000e+02
4.190000000000000000e+02 3.310000000000000000e+02
4.200000000000000000e+02 3.090000000000000000e+02
4.070000000000000000e+02 2.900000000000000000e+02
3.840000000000000000e+02 2.870000000000000000e+02
3.760000000000000000e+02 2.750000000000000000e+02
3.560000000000000000e+02 2.750000000000000000e+02
3.370000000000000000e+02 2.560000000000000000e+02
3.460000000000000000e+02 2.420000000000000000e+02
3.500000000000000000e+02 2.220000000000000000e+02
3.510000000000000000e+02 2.200000000000000000e+02
3.600000000000000000e+02 2.040000000000000000e+02
3.670000000000000000e+02 1.880000000000000000e+02
3.710000000000000000e+02 1.730000000000000000e+02
3.800000000000000000e+02 1.660000000000000000e+02
3.830000000000000000e+02 1.460000000000000000e+02
3.820000000000000000e+02 1.430000000000000000e+02
3.900000000000000000e+02 1.310000000000000000e+02
3.950000000000000000e+02 1.180000000000000000e+02
3.950000000000000000e+02 1.060000000000000000e+02
4.050000000000000000e+02 1.040000000000000000e+02
4.070000000000000000e+02 8.700000000000000000e+01
4.090000000000000000e+02 8.100000000000000000e+01
4.130000000000000000e+02 7.200000000000000000e+01
