-3.551488399505615234e+00 3.652969896793365479e-01 7.000000774860382080e-02
-3.097222805023193359e+00 3.715250492095947266e-01 2.579757245257496834e-03
-2.804423332214355469e+00 3.456413745880126953e-01 -6.228064186871051788e-03
-2.541191577911376953e+00 3.774562180042266846e-01 4.416481405496597290e-02
-2.458013772964477539e+00 5.882853269577026367e-01 -3.032048232853412628e-02
-2.246124029159545898e+00 7.059196233749389648e-01 -2.381169609725475311e-02
-2.196701049804687500e+00 9.847375154495239258e-01 2.468295434709943947e-08
-2.139492988586425781e+00 1.271011233329772949e+00 5.434691556729376316e-04
-2.040371417999267578e+00 1.533351898193359375e+00 -3.219639509916305542e-02
-1.858501553535461426e+00 1.625363469123840332e+00 5.180175974965095520e-02
-1.640213966369628906e+00 1.711058020591735840e+00 5.071051134564186214e-08
-1.506757140159606934e+00 1.482321023941040039e+00 -2.276625484228134155e-02
-1.561066031455993652e+00 1.202170014381408691e+00 2.458090619938957389e-08
-1.656310796737670898e+00 9.267297983169555664e-01 1.257038023322820663e-02
-1.762386798858642578e+00 7.002241015434265137e-01 -6.222283095121383667e-02
-1.879036307334899902e+00 5.132574439048767090e-01 5.602492764592170715e-02
-1.811813712120056152e+00 2.765094339847564697e-01 1.235108300079446053e-07
-1.925149559974670410e+00 2.663812041282653809e-02 -4.766739439219236374e-03
-2.028240919113159180e+00 -2.497293353080749512e-01 0.000000000000000000e+00
-2.006287574768066406e+00 -5.025013089179992676e-01 3.380251675844192505e-02
-1.888046383857727051e+00 -6.596709489822387695e-01 -7.923141121864318848e-02
-1.667246460914611816e+00 -6.938063502311706543e-01 4.399793967604637146e-02
-1.532691836357116699e+00 -4.651894569396972656e-01 1.777720078825950623e-02
-1.426721334457397461e+00 -1.943327784538269043e-01 -5.434445920400321484e-04
-1.290498971939086914e+00 5.080848932266235352e-02 2.497108653187751770e-08
-1.225658297538757324e+00 2.932172119617462158e-01 5.180202797055244446e-02
-1.022270798683166504e+00 3.738547861576080322e-01 -7.325876504182815552e-02
-7.708231210708618164e-01 3.688865602016448975e-01 -2.974562533199787140e-02
-4.885074794292449951e-01 3.650029003620147705e-01 7.100701914168894291e-04
-1.974433362483978271e-01 3.817210197448730469e-01 -6.802978925406932831e-03
5.255559459328651428e-02 3.078105747699737549e-01 -2.381162345409393311e-02
2.614921629428863525e-01 3.956173360347747803e-01 7.320042699575424194e-02
4.800653755664825439e-01 3.835909068584442139e-01 -4.416459798812866211e-02
7.470735311508178711e-01 3.627172708511352539e-01 -6.228038575500249863e-03
1.039868831634521484e+00 3.421577513217926025e-01 6.228087469935417175e-03
1.295501708984375000e+00 3.809801936149597168e-01 -1.829320564866065979e-02
1.544128656387329102e+00 3.742728829383850098e-01 -3.032092563807964325e-02
1.625285983085632324e+00 5.972747206687927246e-01 5.748637765645980835e-02
1.758091092109680176e+00 8.039581775665283203e-01 6.802978925406932831e-03
1.892058730125427246e+00 1.061969041824340820e+00 -7.100455113686621189e-04
