4.180000000000000000e+02 6.400000000000000000e+01
4.000000000000000000e+02 8.900000000000000000e+01
3.880000000000000000e+02 1.030000000000000000e+02
3.820000000000000000e+02 1.180000000000000000e+02
3.860000000000000000e+02 1.320000000000000000e+02
3.840000000000000000e+02 1.480000000000000000e+02
3.950000000000000000e+02 1.630000000000000000e+02
4.050000000000000000e+02 1.780000000000000000e+02
4.120000000000000000e+02 1.940000000000000000e+02
4.130000000000000000e+02 2.080000000000000000e+02
4.070000000000000000e+02 2.230000000000000000e+02
3.920000000000000000e+02 2.210000000000000000e+02
3.820000000000000000e+02 2.060000000000000000e+02
3.740000000000000000e+02 1.900000000000000000e+02
3.650000000000000000e+02 1.740000000000000000e+02
3.650000000000000000e+02 1.600000000000000000e+02
3.500000000000000000e+02 1.530000000000000000e+02
3.420000000000000000e+02 1.360000000000000000e+02
3.330000000000000000e+02 1.180000000000000000e+02
3.210000000000000000e+02 1.070000000000000000e+02
3.050000000000000000e+02 1.070000000000000000e+02
2.990000000000000000e+02 1.170000000000000000e+02
3.040000000000000000e+02 1.350000000000000000e+02
3.130000000000000000e+02 1.540000000000000000e+02
3.190000000000000000e+02 1.720000000000000000e+02
3.300000000000000000e+02 1.870000000000000000e+02
3.220000000000000000e+02 2.010000000000000000e+02
3.140000000000000000e+02 2.160000000000000000e+02
3.040000000000000000e+02 2.320000000000000000e+02
2.930000000000000000e+02 2.490000000000000000e+02
2.790000000000000000e+02 2.610000000000000000e+02
2.780000000000000000e+02 2.780000000000000000e+02
2.650000000000000000e+02 2.890000000000000000e+02
2.540000000000000000e+02 3.050000000000000000e+02
2.420000000000000000e+02 3.220000000000000000e+02
2.320000000000000000e+02 3.390000000000000000e+02
2.210000000000000000e+02 3.540000000000000000e+02
2.330000000000000000e+02 3.690000000000000000e+02
2.360000000000000000e+02 3.850000000000000000e+02
2.440000000000000000e+02 4.030000000000000000e+02
